; 1053
0 2 6 0 0 0 8 1 0
3 0 0 7 0 8 0 0 6
4 0 0 0 5 0 0 0 7
0 5 0 1 0 7 0 9 0
0 0 3 9 0 5 1 0 0
0 4 0 3 0 2 0 5 0
1 0 0 0 3 0 0 0 2
5 0 0 2 0 4 0 0 0
0 3 8 0 0 0 4 6 0
; 1062
0 0 0 0 0 0 0 0 0
0 0 0 0 0 0 0 0 0
0 0 0 0 0 0 0 0 0
0 0 0 0 0 0 0 0 0
0 0 0 0 0 0 0 0 0
0 0 0 0 0 0 0 0 0
0 0 0 0 0 0 0 0 0
0 0 0 0 0 0 0 0 0
0 0 0 0 0 0 0 0 0
; 0
7 2 6 4 9 3 8 1 5
3 1 5 7 2 8 9 4 6
4 8 9 6 5 1 2 3 7
8 5 2 1 4 7 6 9 3
6 7 3 9 8 5 1 2 4
9 4 1 3 6 2 7 5 8
1 9 4 8 3 6 5 7 2
5 6 7 2 1 4 3 8 9
2 3 8 5 7 9 4 6 1
; 3
1 2 3 4 5 6 7 8 9
4 5 6 7 8 9 1 2 3
7 8 9 1 2 3 4 5 6
2 1 4 3 6 5 8 9 7
3 6 5 8 9 7 2 1 4
8 9 7 2 1 4 3 6 5
5 3 1 6 4 2 9 7 8
6 4 2 9 7 8 5 3 1
9 7 8 5 3 1 6 4 2
; 2
7 2 6 4 9 3 8 1 5
3 1 5 7 2 8 9 4 6
4 8 9 6 5 1 2 3 7
8 5 2 1 4 7 6 9 3
6 7 3 9 8 5 1 2 4
9 4 1 3 6 2 7 5 8
1 9 4 8 3 6 5 7 2
5 6 7 2 1 4 3 8 9
2 3 8 5 7 9 4 6 1
; 220
1 2 3 4 5 6 7 8 9
4 5 6 7 8 9 1 2 3
7 8 9 1 2 3 4 5 6
2 1 4 3 6 5 8 9 7
3 6 5 8 9 7 2 1 4
8 9 7 2 1 4 3 6 5
5 3 1 6 4 2 9 7 8
6 4 2 9 7 8 5 3 1
9 7 8 5 3 1 6 4 2
; 138
1 2 3 4 5 6 7 8 9
4 5 6 7 8 9 1 2 3
7 8 9 1 2 3 4 5 6
2 1 4 3 6 5 8 9 7
3 6 5 8 9 7 2 1 4
8 9 7 2 1 4 3 6 5
5 3 1 6 4 2 9 7 8
6 4 2 9 7 8 5 3 1
9 7 8 5 3 1 6 4 2
